NODE_01 2 50.0 4 45.0 3 40.0 1 60.0 5 55.0
NODE_02 4 40.0 5 30.0 2 35.0 1 42.0 3 38.0
NODE_03 3 85.0 5 82.0 1 80.0 4 90.0 2 75.0
NODE_04 5 30.0 3 22.0 4 18.0 2 25.0 1 20.0
NODE_05 3 50.0 1 45.0 2 55.0 4 48.0 5 52.0
NODE_06 2 15.0 1 10.0 3 12.0 5 11.0 4 14.0
NODE_07 2 60.0 3 70.0 5 72.0 4 68.0 1 65.0
NODE_08 4 88.0 3 95.0 1 90.0 5 92.0 2 85.0
NODE_09 2 37.0 5 31.0 1 33.0 4 39.0 3 35.0
NODE_10 3 50.0 4 50.0 2 50.0 1 50.0 5 50.0
NODE_11 1 22.0 5 26.0 3 25.0 2 28.0 4 24.0
NODE_12 5 71.0 3 75.0 2 73.0 1 77.0 4 79.0
NODE_13 1 12.0 2 18.0 5 16.0 3 15.0 4 14.0
NODE_14 5 86.0 1 88.0 3 85.0 2 82.0 4 84.0
NODE_15 4 43.0 2 44.0 1 41.0 3 42.0 5 40.0
NODE_16 5 56.0 3 55.0 2 51.0 4 54.0 1 59.0
NODE_17 5 26.0 3 25.0 4 24.0 2 21.0 1 29.0
NODE_18 5 94.0 4 92.0 2 91.0 3 93.0 1 95.0
