NODE_A1 5 55.0 2 40.0 1 160.0 4 45.0 3 60.0
NODE_A2 2 35.0 5 42.0 4 38.0 1 30.0 3 40.0
NODE_A3 1 200.0 4 200.0 5 200.0 3 200.0 2 200.0
NODE_A4 3 22.0 1 20.0 4 18.0 5 30.0 2 25.0
NODE_A5 3 50.0 2 55.0 1 45.0 4 48.0 5 52.0
NODE_A6 4 14.0 2 15.0 3 12.0 5 11.0 1 10.0
NODE_A7 2 60.0 1 65.0 5 175.0 4 68.0 3 70.0
NODE_A8 2 85.0 1 90.0 4 88.0 5 92.0 3 95.0
NODE_A9 3 35.0 4 39.0 1 33.0 2 37.0 5 31.0
NODE_10 5 110.0 1 100.0 3 100.0 2 100.0 4 100.0
NODE_11 1 22.0 5 26.0 2 28.0 4 24.0 3 25.0
NODE_12 3 75.0 2 73.0 4 79.0 1 77.0 5 71.0
NODE_13 2 18.0 1 12.0 3 15.0 5 16.0 4 14.0
NODE_14 1 88.0 4 84.0 2 82.0 5 86.0 3 85.0
NODE_15 3 42.0 2 44.0 4 43.0 5 40.0 1 155.0
NODE_16 2 51.0 1 59.0 3 55.0 4 54.0 5 56.0
NODE_17 3 25.0 1 29.0 5 26.0 4 24.0 2 21.0
NODE_18 2 91.0 3 93.0 4 92.0 1 95.0 5 94.0
